3,2
3,1
3,3
10,287
10,311
10,187
10,93
10,199
10,305
10,263
10,29
10,2
10,3
9,5
8,17
8,9
8,8
8,2
8,3
31,3
31,2
31,1
20,3
20,2
20,1
19,3
19,2
19,1
12,3
12,2
12,1
11,30
11,29
11,28
11,27
11,26
11,25
11,24
11,23
11,22
11,21
11,20
11,19
11,18
11,17
11,16
11,15
11,14
11,13
11,12
11,11
11,10
11,9
11,8
11,7
11,6
11,5
11,4
11,3
11,2
11,1
10,313
10,310
10,309
10,308
10,304
10,301
10,292
10,286
10,285
10,284
10,283
10,282
10,280
10,278
10,277
10,276
10,275
10,274
10,270
10,268
10,260
10,255
10,253
10,252
10,251
10,248
10,246
10,244
10,241
18,1
10,236
18,3
10,229
10,228
14,1
10,219
14,3
13,1
